513
514
514
514
515
515
514
514
513
513
513
512
512
513
513
513
513
514
514
514
513
513
514
515
514
514
514
515
514
514
513
515
515
515
515
516
516
516
516
516
516
516
517
516
516
516
515
514
515
515
515
515
515
515
515
515
514
514
514
514
513
513
513
512
511
511
512
512
512
511
512
512
512
511
511
512
512
511
511
511
511
511
510
511
512
512
511
511
512
512
512
512
513
513
513
513
512
513
513
512
513
513
514
514
513
513
514
515
514
514
514
515
514
514
513
513
512
512
512
513
513
512
512
513
512
512
511
512
