517
517
517
518
518
518
517
517
517
517
515
516
516
516
516
515
515
516
516
518
533
532
529
527
525
521
514
510
510
511
511
511
510
511
511
511
511
511
512
512
511
511
511
511
511
510
511
513
512
512
512
513
497
496
500
500
503
506
510
517
517
516
515
515
516
516
515
515
516
516
516
515
515
516
515
515
514
514
514
512
512
512
513
513
514
531
530
525
525
523
520
514
510
509
509
509
508
508
508
509
509
509
509
509
510
509
509
510
511
511
510
510
510
510
509
509
511
496
495
496
500
501
504
508
516
516
516
515
