480
480
480
482
483
486
487
488
491
491
493
495
498
501
504
507
511
515
519
521
525
529
532
535
537
539
540
540
542
543
545
547
547
548
549
548
547
544
542
541
539
536
535
533
529
526
523
520
517
514
510
509
506
502
497
495
493
490
488
488
487
484
481
479
479
478
478
478
479
482
484
485
487
488
490
491
494
497
500
503
506
509
512
516
519
523
527
531
534
535
538
538
538
540
543
545
546
546
546
546
545
544
541
540
540
537
535
533
531
529
525
522
520
517
513
509
507
503
500
496
493
491
489
487
487
485
483
480
